0000000000000000000000000000000000000000000000000000000000000000000000000000000
0001000000000001111000000000000010000000000000111100000000000010000000000000000
0000100000000010001000000000000001000000000001000100000000000001000000000000000
1000100000000000001000000000010001000000000000000100000000010001000000000000000
0111100000000000010000000000001111000000000000001000000000001111000000000000000
0000000000000000000000000000000000000000000000000000000000000000000000000000000
0000000000000000000000000000000000000000000000000000000000000000000000000000000
0000000000000000000000000000000000000000000000000000000000000000000000000000000
0000000000000000000000000000000000000000000000000000000000000000000000000000000
0111110000000000000001000000000000000111110000000000000000100000000000000000000
1000010000000000000000100000000000001000010000000000000000010000000000000000000
0000010000000000010000100000000000000000010000000000001000010000000000000000000
0000100000000000001111100000000000000000100000000000000111110000000000000000000
0000000000000000000000000000000000000000000000000000000000000000000000000000000
0000000000000000000000000000000000000000000000000000000000000000000000000000000
0000000000000000000000000000000000000000000000000000000000000000000000000000000
0000000000000000000000000000000000000000000000000000000000000000000000000000000
0000010000000000000000011111100000000000000000000001000000000000000000000000000
0000001000000000000000100000100000000000000000000000100000000000000000000000000
1000001000000000000000000000100000000000000000100000100000000000000000000000000
0111111000000000000000000001000000000000000000011111100000000000000000000000000
0000000000000000000000000000000000000000000000000000000000000000000000000000000
0000000000000000000000000000000000000000000000000000000000000000000000000000000
0000000000000000000000000000000000000000000000000000000000000000000000000000000
0000000000000000000000000000000000000000000000000000000000000000000000000000000